id
90
212
254
399
447
625
811
986
1043
1184
1281
1306
1640
1643
1701
1740
1998
2152
2333
2886
3048
3154
3234
3318
3397
3413
3473
3832
3849
3952
4177
4253
4345
4899
5372
5434
5464
5656
5657
5768
5843
5916
5954
6086
6158
6171
6374
6428
6661
6793
6879
6951
7178
7358
7438
7485
7519
7558
7745
7800
7815
7821
8227
8286
8457
8467
8473
8631
8782
8887
8934
8977
9220
9303
9370
9690
9734
10062
10463
10765
10947
11078
11128
11200
11252
11526
11572
11674
11740
12032
12143
12219
12231
12370
12654
12656
12711
12761
12824
12844
12938
13060
13436
13462
13697
13958
14188
14238
14281
14934
14952
15159
15226
15328
15534
15699
15741
15818
15829
16284
16482
16593
16693
16734
16891
16949
17009
17024
17054
17181
17184
17580
17627
17707
17838
18017
18075
18094
18100
18115
18505
18695
19008
19256
19374
19553
19602
19623
19738
20032
20493
20639
21050
21172
21235
21275
21583
21681
21716
21784
21815
22257
22329
22388
22659
23148
23177
23410
23471
23720
24089
24340
24400
24421
24445
24537
24653
24689
24693
24990
25279
25390
25667
25686
26028
26607
26687
26814
27148
27200
27397
27537
27725
28130
28181
28350
28454
28707
28800
28939
29152
29168
29194
29489
29711
29725
29798
29816
29872
29939
30045
30073
30114
30283
30364
30367
30387
30596
30691
30916
31268
31453
31654
31828
31938
31968
32121
32130
32598
32638
32643
32778
32897
32984
33191
33195
33229
33372
33379
33451
33562
33701
33797
34006
34121
34249
34415
34597
34601
34639
34881
34925
34986
35053
35174
35251
35281
35292
35485
35740
35794
35800
35862
35969
36113
36286
36354
36532
36686
36808
36942
37051
37163
37247
37252
37405
37716
37826
37917
37981
37998
38039
38048
38072
38146
38173
38492
38745
38975
38985
39013
39055
39314
39451
39500
39540
39572
39671
39739
39867
40399
40627
40735
41081
41409
41451
41855
41918
42093
42326
42613
42688
42955
43184
43327
43660
43896
44326
44376
44447
44468
44472
44517
44825
44829
44926
45026
45174
45197
45728
45775
46021
46323
46517
46568
46701
46757
46843
46917
47099
47144
47284
47424
47840
48148
48153
48398
48476
48707
48749
48818
48861
48883
49141
49263
49304
49376
49485
49501
49593
49717
49796
49872
49911
49912
49957
50147
50170
50216
50277
50459
50745
50793
50998
51109
51167
51299
51358
51372
51720
52066
52206
52262
52333
52347
52447
52557
52996
53058
53113
53248
53451
53461
53743
53874
54032
54203
54215
54324
54456
54491
54915
55103
55109
55219
55267
55351
55359
55510
55629
55906
56054
56263
56849
56914
56964
57099
57221
57389
57407
57545
57783
57889
57970
57989
58227
58952
58978
59015
59089
60064
60225
60241
60286
60328
60343
60394
60540
60603
60611
60674
60689
60692
60877
60959
61035
61162
61410
61449
61561
61567
61612
61669
61680
61712
61744
61933
62211
62274
62361
62578
62667
62690
62791
62825
63012
63090
63122
63306
63397
63618
63629
63894
63974
64042
64131
64146
64339
64565
64590
64756
64915
65054
65268
65602
65743
65913
66268
66375
66484
66499
66691
66697
66795
66873
67009
67014
67294
67641
67741
68028
68116
68349
68362
68401
68461
68533
68557
68614
68673
69096
69275
69282
69463
69574
69575
69588
69608
69758
69799
69871
69984
70452
70588
70652
71071
71248
71508
71521
71672
71698
71755
71796
72028
72162
72225
72370
72456
72594
73006
73038
73668
73825
73872
73957
73962
74105
74313
74570
74581
74803
75067
75104
75144
75560
75755
75812
75861
75997
76009
76352
76355
76568
76692
76809
76913
76998
77010
77094
77102
77142
77245
77246
77423
77484
77820
77884
77919
77962
77988
78053
78121
78145
78196
78218
78379
78560
78701
78831
78966
78976
78990
79061
79077
79242
79818
79853
79976
80007
80012
80024
80185
80379
80405
80435
80452
80728
80916
80928
81086
81153
81271
81312
81679
81766
82268
82314
82399
82508
82512
82596
82598
82624
82684
82734
83060
83188
83225
83277
83369
83618
83675
83726
83872
83891
83967
84390
84408
84481
84509
84510
84561
84612
84632
84733
84788
84855
84930
85137
85162
85201
85241
85269
85331
85455
85638
85733
85869
85909
85960
85983
86131
86176
86230
86308
86411
86491
86547
86603
86738
86797
86929
86936
86943
87540
87590
87902
87909
87934
87972
88243
88269
88465
88523
88532
88615
88899
89010
89051
89236
89307
89317
89385
89412
89602
89702
89709
89762
89890
89975
89979
90242
90253
90324
90409
90463
90634
90670
90747
90997
91110
91116
91341
91384
91696
91745
92070
92077
92150
92153
92158
92309
92406
92474
92486
92653
92661
92849
92866
92873
93005
93008
93046
93082
93300
93467
93483
93501
93548
93585
93595
93607
93688
93811
93814
93842
93935
93947
94018
94043
94127
94156
94497
94615
94670
95153
95282
95368
95383
95478
95574
95721
95744
95927
95940
95986
95988
96088
96111
96165
96281
96335
96350
96593
96655
96691
96854
97185
97220
97414
97461
97627
97658
97702
97764
97884
98011
98184
98423
98457
98488
98551
98716
98781
98906
99029
99289
99305
99435
99816
100045
100195
100450
100561
100690
101034
101064
101121
101211
101336
101370
101451
101554
101556
101772
101782
101868
102220
102478
102490
102808
102816
102853
102891
102910
103092
103270
103478
103548
103672
103970
104271
104356
104402
104512
104526
104563
104570
104628
104634
104892
105047
105068
105088
105116
105254
105307
105313
105335
105525
105710
105719
105761
106069
106292
106319
106453
106759
106813
106867
106995
107090
107330
107417
107571
107635
107686
108020
108123
108252
108265
108284
108331
108750
108763
108887
108955
109054
109217
109300
109356
109361
109450
109506
109544
109601
109677
109692
109738
109840
109859
110123
110372
110545
110696
110725
110739
110798
110961
111015
111036
111092
111150
111186
111223
111290
111396
111400
111483
111580
111606
111642
111977
112300
112462
112534
112872
113062
113298
113484
113511
113745
114087
114325
114570
114865
115039
115123
115145
115188
115202
115225
115298
115387
115390
115407
115491
115627
115686
115748
115847
115859
115873
116024
116079
116306
116427
116614
116947
117020
117102
117243
117499
117586
117673
117738
117755
117886
117942
118029
118087
118102
118260
118318
118389
118639
118693
118877
118991
119049
119074
119401
119426
119494
119543
119567
119614
119723
119773
119878
119896
119934
119963
120003
120139
120153
120319
120491
120574
120598
120751
120821
120834
120904
121130
121413
121505
121602
121629
121735
121750
121853
121862
122053
122055
122256
122357
122380
122415
122454
122603
122641
122644
122761
122849
123044
123139
123368
123616
123671
123684
123729
123758
123809
123862
123973
124025
124339
124418
124426
124580
124614
124685
124706
124793
125098
125255
125263
125345
125368
125369
125393
125604
125789
125851
126045
126174
126345
126491
126579
126681
126749
126811
126898
126917
126932
126950
127011
127055
127206
127218
127239
127378
127416
127435
127611
127627
127658
127709
127881
127908
127924
127986
128088
128146
128174
128184
128191
128227
128248
128264
128266
128281
128783
128807
128810
129027
129112
129203
129306
129308
129314
129355
129453
129504
129563
129741
129828
129888
129901
129990
130160
130218
130268
130336
130397
130421
130426
130495
130555
130701
130759
130935
131168
131232
131315
131382
131565
131619
131824
131960
132077
132203
132355
132398
132409
132416
132519
132609
132636
132661
132774
132839
132863
132934
133023
133080
133121
133206
133212
133217
133373
133393
133410
133446
133465
133513
133518
133609
133667
133711
133818
133941
134119
134123
134128
134408
134420
134466
134544
134671
134808
134846
134895
135194
135255
135292
135416
135447
135499
135639
135779
135898
135917
136021
136044
136328
136336
136388
136634
136639
136649
136877
136919
136937
136941
136968
137149
137251
137289
137499
137537
137661
137664
137778
137782
137896
137965
137982
138032
138058
138146
138186
138215
138324
138572
138652
138662
138799
138903
138916
138937
139094
139113
139152
139176
139192
139223
139265
139392
139441
139522
139827
140178
140184
140301
140320
140329
140612
140860
140916
140985
141047
141083
141159
141270
141443
141476
141624
141680
141987
142042
142066
142101
142151
142168
142295
142409
142508
142518
142646
142702
142715
142733
142857
142887
143014
143085
143118
143122
143140
143215
143362
143584
143617
143647
143822
144123
144197
144287
144306
144361
144504
144672
144875
144996
145142
145183
145440
145443
145689
145761
145923
145958
146064
146104
146149
146193
146208
146345
146381
146515
146516
146741
146789
146860
146922
146939
147261
147302
147331
147339
147438
147481
147492
147515
147516
147593
147635
147661
147716
147753
147783
147948
148063
148174
148388
148488
148523
148559
148624
148696
148884
148937
148969
148992
149037
149062
149135
149195
149247
149322
149438
149536
149593
149600
149623
149660
149722
149727
150212
150354
150368
150861
150906
150928
151169
151228
151260
151413
151497
151521
151534
152067
152174
152226
152292
152348
152369
152422
152493
152521
152781
153015
153021
153057
153166
153217
153244
153255
153401
153503
153593
153814
153820
153822
153864
154191
154241
154245
154274
154618
154846
154875
154921
154994
154995
154998
155093
155133
155209
155342
155463
155508
155546
155647
155808
155810
155924
155997
156149
156378
156474
156517
156536
156547
156589
156596
156664
156703
156705
156756
156827
156847
156855
156860
156873
156937
157216
157238
157261
157293
157300
157321
157351
157358
157547
157550
157883
158005
158166
158233
158268
158389
158458
158504
158531
158559
158668
158740
158901
159070
159076
159082
159176
159351
159413
159553
159728
159740
159766
159798
159872
159928
159976
159988
160035
160486
160503
160586
160626
160713
160723
160895
160968
160984
160994
161063
161247
161466
161580
161636
161640
161942
162142
162317
162339
162364
162384
162437
162447
162645
162777
162937
163048
163131
163174
163184
163201
163301
163331
163436
163460
163505
163542
163626
163633
163703
163876
163920
163939
163976
164211
164273
164323
164330
164384
164447
164551
164590
164782
164826
164878
165095
165114
165140
165292
165322
165323
165478
165499
165535
165547
165584
165716
165726
165788
165851
165857
165903
166190
166192
166200
166215
166280
166284
166310
166446
166548
166673
166707
166733
166759
166798
166853
166998
167053
167232
167278
167298
167458
167462
167547
167649
167659
167851
167923
168067
168139
168362
168373
168460
168581
168798
168902
168969
169048
169064
169367
169469
169575
169593
169701
169873
169891
170080
170106
170112
170237
170332
170454
170463
170476
170516
170524
170864
170889
170930
171039
171075
171091
171104
171315
171323
171369
171477
171876
171984
172089
172119
172207
172275
172335
172513
172535
172716
172740
172769
172781
172796
172809
172844
172899
172920
173037
173173
173288
173302
173657
173849
173933
173993
174200
174262
174453
174586
174835
174875
175068
175288
175339
175428
175493
175500
175547
175637
175810
175817
175840
176290
176317
176360
176388
176420
176640
176706
176834
176952
176991
177009
177157
177307
177318
177338
177490
177730
177753
177845
177864
177962
178037
178050
178084
178260
178292
178384
178457
178632
178648
178713
178717
178779
178852
178853
178905
178921
178922
179073
179273
179327
179554
179573
179935
180062
180169
180290
180297
180465
180548
180610
180655
180709
180752
180772
180855
180938
180959
181087
181157
181176
181392
181601
181625
181736
181771
181776
181816
181961
182007
182230
182334
182428
182539
182566
182652
182688
182712
182824
182891
182913
182932
183034
183188
183263
183316
183351
183569
183580
183588
183726
183784
183861
183871
184011
184105
184202
184333
184581
184649
184665
184754
184817
185323
185328
185606
185939
185956
186023
186288
186379
186387
186510
186533
186547
186601
186658
186797
186798
186963
187176
187246
187388
187734
187749
187751
187778
187892
187946
187974
188097
188354
188418
188784
188807
188823
188951
189001
189036
189176
189304
189464
189572
189770
189802
189838
189913
190030
190058
190095
190288
190348
190768
190997
191073
191166
191179
191187
191272
191749
192010
192029
192031
192058
192140
192313
192408
192428
192473
192532
192583
192679
192735
193174
193233
193419
193489
193559
193744
193777
193841
193934
194116
194153
194216
194307
194421
194439
194509
194632
194780
194900
195261
195335
195818
195870
196035
196052
196084
196175
196415
196469
196510
196561
196589
196603
196662
197072
197080
197134
197275
197280
197467
197694
198112
198324
198564
198608
198731
198785
198906
199048
199077
199149
199162
199191
199200
199539
199706
199745
199790
199895
200023
200111
200142
200188
200289
200311
200324
200378
200661
200711
200790
200795
200997
201005
201018
201067
201232
201248
201308
201373
201385
201396
201426
201512
201539
201561
201576
201843
202009
202133
202242
202494
202576
202626
202638
202961
202996
203088
203108
203126
203181
203345
203346
203440
203573
203576
203710
203722
204034
204068
204220
204256
204410
205096
205154
205279
205519
205590
205659
205926
205990
206104
206145
206176
206343
206352
206365
206399
206458
206474
206523
206635
206811
207013
207031
207177
207244
207418
207589
207636
207679
207689
207716
207766
207809
207814
207834
208069
208279
208327
208330
208340
208366
208436
208468
208504
208759
209119
209426
209529
209950
210369
210421
210449
210570
210618
210669
210751
210756
210850
210875
210899
210995
211072
211093
211208
211373
211410
211721
211793
211930
211939
211944
212046
212101
212107
212363
212420
212449
212464
212740
212946
213014
213144
213266
213542
213588
213959
214018
214090
214140
214158
214222
214294
214373
214598
214660
214850
214860
214926
215168
215195
215251
215432
215443
215455
215656
215669
215728
215783
216114
216120
216250
216253
216371
216402
216405
216561
216757
216844
216868
216930
217289
217295
217468
217541
217569
217573
217860
218178
218501
218512
218523
218592
218609
218631
218650
218725
218764
218769
218811
218845
219227
219236
219346
219606
219730
220109
220232
220381
220643
220685
220694
220844
220958
220990
221029
221082
221116
221581
221688
221858
221995
222011
222208
222370
222376
222472
222635
222691
222695
222744
222784
222886
222966
222977
223085
223088
223090
223526
223671
223683
223714
223726
223835
224059
224215
224434
224488
224489
224750
225031
225221
225231
225260
225303
225308
225435
225716
225908
225949
226315
226350
226396
226439
226485
226490
226669
226675
226706
226934
226942
227147
227195
227219
227424
227676
227693
227738
227815
227893
227894
228227
228275
228447
228498
228500
228769
228772
228830
228945
228950
229066
229110
229527
229742
229855
229870
230001
230081
230188
230222
230376
230470
230523
230723
230735
230746
230759
230888
231031
231032
231038
231127
231182
231197
231281
231424
231559
231614
232053
232259
232260
232356
232462
232471
232497
232851
233064
233396
233481
233582
233917
234025
234190
234620
234811
234899
234907
234913
235371
235625
235720
235731
235794
235822
235969
236121
236286
236496
236544
236562
236888
236916
237035
237078
237206
237261
237555
237617
237673
237693
237783
238444
238552
238834
239209
239237
239294
239334
239347
239414
239440
239470
239525
239528
239596
239725
239800
239882
240138
240222
240313
240578
240765
240843
241407
241461
241494
241647
241669
241907
241950
242046
242055
242160
242186
242345
242358
242475
242525
242602
242847
242954
243253
243551
243556
243583
243926
243938
244088
244249
244497
244519
244522
244662
244790
244921
244926
245444
245467
245900
245907
245936
245984
246068
246097
246133
246257
246453
246548
246688
246785
246881
246949
247037
247272
247307
247465
247560
247658
247697
247834
247882
247892
247967
248125
248136
248327
248432
248542
248606
248662
248779
248939
248947
249278
249352
249499
249937
250120
250194
250204
250207
250210
250212
250312
250454
250533
250622
250777
250886
250889
250907
251045
251299
251464
251510
251637
251724
251776
251898
252347
252401
252572
252700
252821
252847
253351
253468
253534
253679
253918
253958
254157
254293
254513
254651
254659
254799
254815
255096
255125
255499
255527
255685
255850
255871
255880
255948
256015
256037
256147
256406
256479
256630
256931
256935
257028
257074
257294
257299
257332
257368
257921
257936
258231
258435
258527
258734
258767
258811
258848
259105
259119
259169
259200
259214
259319
259372
259515
259713
259742
259791
260101
260216
260271
260327
260836
260906
260924
261100
261481
261534
261627
261803
261898
262232
262258
262464
262525
262529
262539
262680
262698
262770
262771
262978
262988
262993
263165
263195
263230
263310
263349
263374
263511
263651
263935
263990
264250
264256
264490
264760
264852
264864
264983
264999
265250
265266
265331
265380
265486
265495
265503
265505
265596
265693
265943
266142
266228
266345
266511
266583
266748
266823
266968
267193
267368
267440
267486
267610
267821
267981
268084
268085
268121
268201
268268
268349
268498
268745
268845
269024
269191
269246
269373
269377
269411
269623
269872
269968
270068
270210
270359
270492
270669
270799
270804
270863
271163
271317
271356
271639
271692
271968
272426
272480
272527
272548
272761
272814
273242
273394
273821
274105
274595
274632
274718
274737
274865
274948
275009
275109
275222
275373
275379
275435
275531
275587
276139
276153
276156
276378
276404
276466
276803
276868
276902
276930
276990
276995
277139
277140
277152
277253
277744
277848
278176
278261
278304
278468
278590
278734
278794
278847
278863
278904
279147
279185
279304
279472
279868
280016
280035
280042
280072
280353
280368
280382
280551
280576
280596
280873
280904
281035
281053
281111
281496
281545
281573
281607
281697
282054
282122
282571
282651
282743
282785
282954
282988
283026
283150
283189
283369
283395
283611
283661
283681
283839
283978
284049
284299
284315
284466
284483
284659
284877
285180
285222
285249
285354
285427
285717
286334
286353
286741
286851
286855
286864
287186
287194
287245
287369
287524
287606
287709
287774
287886
288122
288168
288221
288259
288291
288846
289013
289380
289780
289927
289995
290434
290603
290684
290705
291035
291155
291221
291385
291626
291707
291791
291793
291815
291993
292303
292314
292472
292585
292783
292889
293003
293315
293418
293669
293708
293775
293795
294394
294483
294517
294716
294852
295249
295391
295411
295442
295601
295805
296087
296156
296332
296372
296787
296979
297008
297068
297083
297095
297464
297538
297655
298558
298590
298763
298807
298937
298952
298981
299203
299363
299462
299487
299490
299531
299633
299675
299751
299810
299842
299933
105109
112608
57354
198240
226984
151128
184376
102975
90859
90793
232759
294056
65717
49172
114897
253166
279046
66089
144097
277544
232778
16678
224677
281894
297956
8210
180013
115782
157030
113351
219038
69787
237716
55958
151686
249585
169678
109460
293328
171277
90025
42059
76675
47293
197767
210112
206893
49843
216458
279872
207025
62276
191218
195988
73878
83658
97082
282295
169717
292413
254656
268834
232420
228039
207711
219911
202187
16807
257289
171942
139985
263154
253532
240653
159021
151493
193425
20323
69833
298341
13925
132674
224375
213292
36745
48720
79328
53453
156375
158001
185697
85610
155290
50166
267169
5048
16034
37194
51928
151122
109153
28274
188778
145167
217659
231480
236714
27854
88843
204613
175204
81626
160602
229418
290090
190328
149198
56166
104217
105839
140403
134273
129707
45807
238816
16612
27162
233122
281812
60752
274582
39824
67938
92394
281327
203092
25565
266821
118487
4450
83545
94387
99277
39710
226837
16406
70563
171419
273792
181778
51198
92010
236818
219882
26148
201841
106313
146371
287295
240074
80902
143184
142845
141823
277621
217358
70809
72480
277250
121972
139625
174007
56077
290784
267870
257129
55678
223819
97360
207509
111232
187956
275103
223264
99895
218875
228515
242295
93593
91008
133083
61323
204383
282756
276706
240665
89608
107427
60782
210521
112929
123053
170432
34170
193370
286503
277756
138776
232597
256223
46592
170871
201380
181476
211827
92759
125554
110455
125932
265769
5710
258280
16696
114914
214132
235310
121254
106452
4420
297070
212206
29289
83560
217807
35995
224402
284515
274072
168648
163996
60896
25883
280329
227883
176674
5638
284976
133137
38000
251840
13702
216225
233521
143201
158214
115482
156112
203812
266470
158626
207884
29565
126029
162634
68777
62509
251661
160365
248857
213426
259113
208805
244306
190004
185384
46633
193568
98865
97232
171824
205662
259342
274665
133865
259808
29227
234075
47573
102191