id
94947
48629
91265
42839
189639
221450
148788
144115
4860
47967
121986
278615
4104
9574
82426
138698
272067
238591
123736
243423
74272
83286
63408
108879
39420
12624
283291
299240
17638
210120
172177
163394
243896
95539
266036
167505
233837
227194
204046
60777
79124
50418
233570
19399
293469
22857
209677
253456
99025
56127
61742
198822
92352
130029
222195
260334
103341
73174
121969
272104
161553
213403
170448
53912
193092
189670
266004
196500
255211
185389
154779
199546
124520
252814
281757
142682
209495
136688
76634
176824
127393
183288
249398
115426
168032
249016
174127
225582
6962
199698
62520
63575
208406
268566
286323
40600
121902
142829
259751
41641
69266
83982
88835
265845
171929
13164
53063
183454
43268
80178
169539
33308
219673
130158
145047
223566
31920
190747
105824
197234
276316
194855
134698
195101
4067
14432
294752
250567
154026
119476
252471
76168
252568
22790
8550
110677
26382
40823
272473
210637
94419
252930
206488
285921
94737
270640
207480
255016
159609
118629
216454
18909
212830
242603
91901
176883
145162
293048
222200
221024
113429
224243
92504
79866
79491
165276
133409
185928
36596
37635
101701
219494
288690
202715
275020
274943
161736
234033
245750
256285
88355
98324
60561
105142
260667
292418
7131
246392
126228
148518
1389
157603
80204
139529
117501
142425
124228
65957
192875
146410
133852
43362
230231
150808
39407
154547
191755
65262
284002
112062
142780
210907
179773
87150
284923
18663
193007
186333
297439
98885
276336
117612
191995
62581
5498
244717
151763
185802
11046
176657
84021
263280
110192
267741
242335
13028
136671
196286
169546
278606
33767
209737
57455
291226
134962
255607
2966
214643
80595
134963
205742
29330
21603
282299
1245
245905
112473
136306
126768
266084
118176
133050
165609
244819
108133
242658
272926
92338
208160
124412
149277
221043
161104
181149
104034
224775
241631
227857
262435
845
125008
290718
142348
189193
194652
271218
245940
283680
154616
126227
99513
267730
63727
248932
19277
181838
116047
159253
208093
186217
104521
77375
109642
219040
90082
229431
254212
146775
42050
147176
163961
92814
216303
112223
243246
217354
272130
198210
246159
294045
79949
145485
126355
50179
103920
14673
45778
292328
283959
230734
23435
150183
183350
185212
275022
2868
241608
73097
181647
151489
204051
101168
189603
248109
109485
216043
276020
102104
154094
201143
184061
207043
219833
21
295107
249635
101260
199520
296069
21918
13703
137047
276126
101369
174332
55752
50221
224141
138693
196540
182285
210009
107405
103593
7617
112966
118741
124017
69444
187670
54432
44169
298764
243628
82153
40910
200519
250749
11766
265276
203413
57882
117663
69422
122552
188801
112716
180175
88831
172219
226609
168071
158930
245032
291289
48592
169986
116026
291830
226029
277179
20673
250714
87638
142355
199814
173219
179281
264755
15947
82637
110994
128974
243420
61820
226333
51540
108280
289181
146247
243842
41290
113353
63955
164203
184078
94840
191265
201866
289527
293980
12044
107970
177986
72867
211455
269372
221607
71323
204961
285642
227714
246488
54088
106796
114190
6625
100566
141028
290754
9488
134531
152373
90902
275262
68211
196976
34363
2337
219987
128129
172174
153197
264067
96721
68080
178010
186890
212693
72980
282373
5866
139597
176271
44698
194825
229008
185733
100015
223679
11090
87906
288991
224968
151781
614
274145
129291
263226
264415
149526
245418
150483
157385
160461
297320
71226
7971
163846
104393
227236
153643
186834
139735
280205
207727
278636
18833
81225
44028
27496
21054
217652
215335
237474
109972
40500
187829
266960
52317
144151
266344
290681
48010
253785
270044
42558
107628
30069
243395
52399
174056
264793
8817
52987
64230
130468
256288
228521
89894
256536
254804
35753
84340
131004
11472
215917
167612
220715
179924
33387
55451
188382
212026
54079
4808
10593
162821
14325
265142
135182
61703
100211
121768
263699
186477
167832
97191
8704
122166
142159
167727
130696
23636
190318
252819
81286
215151
158480
197739
208576
275687
290987
140554
28393
206928
133863
194293
12275
75452
129021
226021
13728
29786
51342
1828
41653
144461
156868
72482
236890
35270
283534
276603
278798
16088
28290
214233
205661
247957
42682
53728
177705
220709
156458
18613
35066
293008
112561
192085
269491
72997
84547
122081
155533
172581
281466
208825
241037
147633
184332
242319
56808
223962
192592
199725
226244
50889
196153
234354
19446
30725
85856
52166
104962
248874
33751
74184
188768
295088
5113
158656
282575
196887
105543
284652
6611
75179
85440
264830
175046
266896
57628
85515
298287
211924
177139
105469
254191
220676
95646
283436
270099
113241
68819
54667
6819
17758
6142
2334
212167
183315
200288
235160
113933
101626
59343
254632
157005
290178
42067
134015
27726
4982
270057
173354
56479
299791
23554
111623
145654
187593
107150
179923
126736
250731
110827
257357
69435
262873
128672
192930
10320
35062
188026
251391
295594
78271
138801
146742
202641
284066
281718
40309
87024
163655
107204
11815
150131
115300
218453
47476
264105
207427
210583
251191
19005
247398
89724
153694
27493
23819
250041
125954
180935
115443
119198
168220
166938
110261
34153
214375
264530
102722
155026
11374
203690
212463
261409
123194
232573
54047
261099
201974
116679
154988
213459
63862
281743
51952
98657
164188
180028
59239
140761
229077
277115
89195
157508
283474
28871
298072
139276
171874
115600
184514
153500
192439
243920
122939
228069
259014
231279
200564
71014
236511
249409
255095
87835
157814
65753
32405
98343
12118
266935
10586
183369
1681
221387
122115
222633
276360
238041
247531
181050
205537
57681
58971
90612
180111
62621
47922
154826
213612
159469
220499
287688
50884
111724
202422
28333
2180
39923
147638
117909
218754
187417
165471
53408
265107
146737
176112
285300
286545
88810
53047
197102
273920
59724
102849
96172
38299
224476
295998
201204
266216
274296
169826
24305
293965
24263
215557
289767
261221
288763
14858
139082
295566
34540
171736
245991
171124
2399
3966
80311
278784
154239
132925
126442
212734
130174
197066
61840
244547
255154
128436
201236
113590
58614
51346
85741
22463
86706
145844
293333
142191
55504
126843
169498
295649
2071
73879
162922
63526
84066
284452
53018
66457
76517
108717
141034
153210
84343
283903
30463
277553
273953
65610
91346
299340
189842
34711
25867
68905
150636
62327
236049
57467
67657
212576
203253
43721
182659
22941
41042
56826
70579
147073
203684
267460
68949
16742
199414
149153
85730
191506
130064
269434
173546
124439
146531
53573
204126
229366
283840
14431
78958
108746
149839
215961
62108
28148
238884
115134
138250
62586
63030
107658
176949
45228
50845
93944
236600
90687
198794
243185
85278
273566
139848
5337
153473
219526
50402
31674
110137
288890
96918
98302
146799
290223
52914
15951
33100
133813
50645
69867
166231
168822
50529
36828
137074
94074
121565
5757
70744
148851
199610
74013
119867
166057
147588
227432
112735
103260
18889
188888
212663
114620
137442
176999
244106
250561
227782
234291
201141
107888
248289
273724
281958
126585
171905
222587
293173
128733
189124
299204
234784
49224
254647
124484
100682
96528
186184
15797
223336
149268
231618
32381
128193
221195
46763
247910
81419
87919
222295
225565
70059
205986
46618
94077
64491
86728
181696
63321
272521
266614
113016
210832
237159
46339
93099
207068
271932
56874
50449
133425
193662
72169
135642
279697
286382
37496
62083
235453
239067
166897
228100
239302
22560
258695
292996
22143
62465
253308
100940
17697
288464
132977
236435
281203
290578
141717
146075
151188
165087
255947
27317
215758
281932
66119
235546
97550
50113
196018
63186
36091
61660
120274
242505
104903
170993
28748
46456
223509
232856
1461
22949
203543
58873
112425
114790
296432
89214
160663
90589
104970
199685
283685
200815
10952
258846
132129
206921
181486
274401
71076
73280
126118
33698
217867
138872
87513
196790
124305
291773
175206
257886
40008
216611
137298
35019
104503
114518
281468
175565
25430
93661
293306
168267
51659
156449
206562
104927
275236
186114
4181
47540
8736
24547
234407
234334
54868
155827
166276
105200
224539
143507
210560
236022
226330
228456
266819
273071
67402
166042
121896
197353
144909
293947
215689
278676
220751
116833
125888
39301
141551
60272
118643
122507
181648
142532
156367
250997
127250
129468
146503
29369
86866
292071
47160
212295
174509
233145
199044
240693
274501
37184
296620
35484
110490
194245
15091
43963
178449
184651
290390
202956
31929
279376
36912
132420
145033
154447
41115
225781
230321
264424
253782
198893
202355
260957
258533
170420
22175
210629
271173
4908
28369
52583
229883
282658
26090
80380
143772
209783
71108
229383
176636
243028
165070
47734
33890
282457
153922
41678
218553
259424
211067
267111
10520
74283
277904
106445
148364
33051
37960
254464
53087
282127
9739
92206
142228
178996
245645
18975
269049
292725
86057
241775
85004
168578
146640
231899
172906
180868
189250
297016
112978
147580
90867
295451
244797
75911
158632
25889
69722
13574
101851
75182
228410
241966
105002
59947
288017
271131
48709
132947
145719
244774
243058
249366
46775
217041
190836
159098
70383
179629
184031
224619
231392
79133
23692
276815
61385
133085
268296
197073
236219
18964
151547
278608
269981
233978
3396
138383
86869
88975
294258
282011
143
157130
89204
146725
242660
27829
58341
275770
73186
82176
126797
270437
188226
133024
30591
25783
39206
55435
160733
73172
91547
7041
63369
174669
187760
155515
75458
206207
218786
9361
160570
236765
43253
101890
25969
28992
218105
20175
127773
209942
51049
61655
208704
49677
189327
241468
13309
179539
295765
104083
91280
183617
238212
127810
140753
152976
218092
13745
110692
167848
6488
108909
295289
260218
32939
216672
31473
52039
84639
88745
204880
125684
161141
273253
285000
78447
119027
191712
46696
106337
117435
57511
132974
293305
11372
138798
222063
103774
230441
49667
253287
274227
164442
218636
236623
252569
295525
120756
261702
109342
172810
263358
284550
90685
207267
236677
151453
253957
48977
145319
234233
85766
62596
107475
159678
124562
225772
163858
290564
143385
253917
268150
277412
70398
80299
253486
104728
81923
134777
47195
287536
151511
36132
288495
189561
296058
122099
78766
61211
173075
131876
150342
129747
116396
47330
13720
131746
267416
12585
136532
54917
91084
49620
109833
282001
4644
223855
37790
283875
283936
708
20854
124510
22473
201988
229643
124479
266643
294661
129342
50871
123828
139740
51507
229538
90963
211149
284106
27423
84515
183925
281328
158410
230660
231502
52865
198947
146483
168633
44136
149364
229536
205592
237940
171991
89543
60466
170666
189313
269459
82400
282019
26348
140729
219840
65760
127621
59973
86290
143627
6025
32797
176792
263715
292838
167038
183548
131010
218397
114597
249088
278976
777
31980
53497
210578
36316
188022
194463
118099
280921
262361
74755
60238
11236
177892
12775
39586
120512
47660
88256
209600
234923
289031
288556
39154
121579
165232
220907
81805
225180
92881
138550
267736
113317
29303
78189
28270
40959
60275
218626
140096
222209
273938
191820
221242
279309
18549
239162
85872
172540
294137
63647
257354
54453
41894
181674
259004
22289
157857
163504
1957
111655
147487
78621
236816
220202
58902
264593
95668
130728
149216
102815
160803
282737
27345
271942
281776
53640
21152
229623
175654
290079
265747
80382
260077
230153
37266
158897
140401
235788
117679
130807
228269
6458
172222
216150
32005
101829
110912
19199
149591
251924
49437
172035
71847
289020
122020
210319
285647
207520
28306
282911
116243
145231
267050
274096
186833
11759
38445
96903
110443
35986
210820
143226
3250
276632
121233
136682
286665
267548
63367
268813
104164
123097
169894
220118
45348
289036
269674
108137
50309
236410
205635
176579
179741
212687
77550
66560
158190
171586
240047
54841
185392
257602
287730
297614
222479
287296
15632
242828
255938
142844
1147
264600
34561
159726
93456
278470
175595
84777
165550
284956
154448
82889
214892
269423
282131
196533
88957
75728
93815
160722
52718
257350
150843
51591
55384
55864
150800
182429
222647
129589
199188
201700
64788
57565
40875
119215
120290
8730
61838
249023
287367
155896
47446
75287
116444
190541
211324
24308
165067
241202
64983
211240
29041
53423
243653
270765
164371
285958
31245
39431
36560
37433
100709
161026
206251
24177
239637
180307
283918
270331
13733
24225
251066
268850
85054
173401
146646
172749
108510
190848
277635
89538
196820
203890
245829
195628
143673
182323
267803
137854
36104
267391
119374
173549
158768
263933
79947
164680
58933
200678
201350
299242
134727
260544
240322
292630
131331
243466
195937
29331
95979
30938
67904
235228
120147
138756
224166
15043
170335
255001
210938
185342
61792
171358
93266
231668
83039
133242
36274
102207
239330
74
97708
192050
197055
207641
173175
188949
164426
172629
203970
53127
149735
102092
137040
88356
59648
216204
152167
208383
57657
102911
199715
152756
156985
181334
35633
179212
21977
51011
95087
102356
117779
148239
166071
33699
97588
205559
157639
275118
15917
121812
125309
231333
90673
68414
267817
158016
142240
125738
286133
75254
231459
85421
32965
109669
198034
111062
161913
152653
234202
298377
118533
5544
216381
68573
38399
235296
98734
122043
242586
130562
146139
267336
16698
238036
250985
107981
185409
270867
19153
142601
262296
223423
139077
234001
77541
220650
114533
141677
251524
174696
227163
14001
35532
114383
230583
31960
44561
117357
172907
242704
76254
27104
160938
287378
144586
119117
19953
140869
114459
185126
134059
4127
114366
24440
135076
109737
2587
12362
64166
68731
110197
185163
52650
281747
197011
155526
62392
104472
223298
91543
220646
18979
88394
6628
205938
141033
154298
74306
121531
14949
29407
121594
28571
167001
206525
8358
282363
71482
154804
234259
779
1961
108792
229606
150706
186609
161652
280790
264836
106362
252291
77598
7714
179780
291637
31891
119011
9684
21490
169006
38190
209965
187512
114095
256411
215121
213140
28355
185140
61755
76781
188315
193071
218423
1647
286493
297499
18603
175118
24014
109702
194173
225943
275723
204938
220955
182322
151504
174917
36673
85793
154836
297079
5087
3706
6518
32546
198056
5052
143889
211791
102304
160845
8998
118633
206637
215778
186712
243923
13715
218544
47181
152474
255454
142695
277293
47045
225244
140053
212847
134580
247301
135247
225399
74437
151379
165725
256692
28546
293878
28574
72252
82095
112854
200743
278490
164141
203777
250068
174933
114596
288805
36612
67639
271160
251545
186249
257773
43641
84171
295012
65420
103923
120019
242278
19792
24511
207302
141170
60968
177856
163076
55154
260620
171645
189141
71042
49279
241203
214740
68674
236691
278857
190895
250513
66601
77132
112889
183231
248738
80206
211087
227298
136779
260395
88776
172558
63036
251022
21501
248762
174405
153434
244340
234848
106606
127304
273471
35759
57364
227887
171100
75915
198114
18424
102261
120037
170851
294750
3353
179933
186200
176774
52848
163342
257158
260522
17169
217416
50295
215754
162491
48440
258634
253090
37668
158990
198629
252827
217259
39802
137227
171792
103781
172031
198456
8535
201560
41203
148732
207058
241387
196898
31776
158756
166633
283166
7595
114971
233903
225307
293240
38092
204338
107775
143874
220780
94875
182555
205726
283102
213841
13769
28968
52935
97378
260611
143423
25007
78547
266939
201772
234513
41954
150178
59779
250147
255433
272880
206976
75665
125686
56661
240645
139888
235927
219374
77921
112376
115958
72342
110158
151856
15184
178191
237014
77671
238350
95592
278775
164693
216064
214198
197017
237241
45226
65567
132202
223690
225138
192743
171992
43468
35810
21743
144176
259233
18497
256565
227747
260851
181467
213389
171228
121372
216335
130295
52953
170520
14011
197434
289762
116351
200878
163448
177760
184253
178076
258779
8300
126856
131831
46444
190265
14804
287089
3399
162191
48892
94992
30471
199335
206181
17541
53525
173028
125428
246324
126919
151945
159656
298378
21670
213209
34187
35102
15338
114561
116090
219837
39163
1960
8939
181338
41475
44484
113099
109065
114302
226817
27785
9785
201896
272431
103275
124331
287402
115639
260135
42075
219802
47217
13845
260723
164293
86128
234346
16074
33584
14449
252262
73859
231208
60351
160810
76001
259740
49714
224037
283503
145848
118225
188511
123912
6535
85474
102282
71291
142174
26168
140414
188969
37823
248023
50413
274977
14504
261168
27268
71073
89313
43522
185830
127410
97582
236004
192676
299334
191923
259802
207209
167358
292121
191020
149661
185407
207029
291416
172511
259459
49708
201504
296002
101933
94337
122709
219447
232622
162122
194296
287297
241599
3456
791
98125
278981
69977
256979
58753
65370
261647
77356
17729
112533
156949
220592
68110
165993
75953
270954
112741
298785
219359
168864
71222
117661
218358
91370
40818
44638
213166
761
266443
113032
177274
171115
156673
85001
267578
170765
83705
265830
272644
219205
263029
165827
76011
23978
267503
262649
173395
197109
217529
260937
267685
285459
280414
47388
159641
168659
169011
187037
81451
234788
124421
19191
109619
22774
9523
131862
222354
208228
52224
171229
6849
37215
108262
162791
208877
225630
55213
242451
55475
52992
84541
228854
69686
116032
279416
112325
292555
57988
161006
271528
178956
7313
240604
142385
28326
47229
93495
193050
92780
32851
149712
282471
295160
114102
189126
15412
167008
83281
100445
69614
237822
249539
84648
169770
188156
234858
90156
273065
197965
168666
282267
132729
20260
80502
70778
246709
57663
259538
89862
229278
162655
178446
13313
114406
26991
116658
64615
187172
47114
257265
6560
135007
237036
131546
271957
267253
185124
288523
87055
268969
292947
92275
29507
43312
126831
276496
218618
193352
225622
40830
204232
155947
178436
28763
261148
231260
60492
278936
36954
115999
244071
29256
155731
259063
201732
256977
211393
258643
168831
261008
44857
58150
254040
259177
72318
298513
206873
88684
12618
76778
289996
166669
233182
101694
255813
287182
210792
188262
217435
146411
293318
273281
171074
233529
186204
273284
235457
276393
68698
120272
278915
135051
13287
150254
237068
68353
175891
88454
49674
233388
99223
96147
194156
274116
78533
8521
15128
241100
268952
238632
147746
146238
176514
116323
61979
130044
194074
293474
131598
246207
297764
258606
292846
80159
147076
9936
57146
279545
136375
291512
90583
186075
125647
243348
147442
253966
297420
246511
50549
168086
159729
119825
114989
261197
252274
57390
289766
49695
53756
21934
75080
157682
53203
277217
262701
113451
245789
39573
40360
293498
70823
10534
238400
106830
20744
50844
236719
94565
166740
2146
39712
135289
214177
135817
79013
151221
75649
120376
175280
172570
24785
67242
242128
92888
74885
180428
65306
111471
225367
245870
28858
134641
11953
212560
100038
104583
154947
298895
95768
6351
49684
84586
146079
110017
72016
246286
104706
229985
48213
203308
218066
142102
81307
133303
211017
2181
11951
260089
289682
186352
216313
93636
31121
10376
106484
207166
76540
257596
100428
219924
8889
135396
48030
203577
192443
290214
147161
24418
261249
85490
198708
286120
140675
200328
82020
190879
59804
200953
128125
3204
268414
154048
264479
75707
115564
227861
250384
39843
148936
160259
165543
8451
249114
297766
248701
131984
155775
123869
263466
116529
159245
250321
190272
125299
133923
82433
258870
167016
146980
42769
115451
39452
164594
198702
18414
251252
215562
194828
71644
163492
5541
97745
31719
168183
131350
28283
134932
181951
261966
28140
205285
176057
248681
77534
15893
228169
25190
33795
11018
20526
105347
116906
262674
72228
203662
115049
162719
4134
226345
182192
246216
8711
295877
229760
136519
248176
15140
267993
20659
277799
99133
121563
193296
15302
76379
250608
30082
202925
173123
155501
32670
178815
86285
275375
276434
31364
61508
238307
295846
161034
19406
275506
192158
226096
154696
169066
73647
181809
116258
59653
72402
132859
265734
34685
81772
125871
53249
202071
267738
145567
168282
246530
172738
191792
272379
113763
265160
277741
191190
266871
56680
279080
142207
291022
123976
167619
194818
250495
146511
7922
221314
107339
170741
91924
165964
186861
202753
2524
247451
207929
291384
22458
78039
183012
219613
253381
5902
201294
136161
195858
16724
25086
885
44801
159608
173343
89663
45605
111461
68838
191927
228893
